# SVD using libeigen

<pre>
apt-get install libeigen3-dev

1 0 1 0 0 0
0 1 0 0 0 0
1 1 0 0 0 0
1 0 0 1 1 0
0 0 0 1 0 1
singular values
  2.1625
 1.59438
 1.27529
       1
0.393915
matrix V
   -0.748623    -0.286454     0.279712   3.1032e-07     0.528459 -7.05131e-08
   -0.279712    -0.528459    -0.748623  -4.4232e-07    -0.286454  5.28871e-08
   -0.203629    -0.185761     0.446563     -0.57735    -0.625521  2.98023e-08
   -0.446563     0.625521    -0.203629  4.42305e-08    -0.185761     -0.57735
   -0.325096      0.21988     0.121467     0.577351    -0.405641      0.57735
   -0.121467     0.405641    -0.325096     -0.57735      0.21988      0.57735
matrix U
   -0.440348    -0.296174     0.569498     -0.57735    -0.246402
   -0.129346    -0.331451    -0.587022 -4.34351e-07    -0.727197
    -0.47553    -0.511115     -0.36769 -8.11833e-08     0.614359
    -0.70302     0.350572     0.154906     0.577351    -0.159788
   -0.262673     0.646747    -0.414591    -0.577351    0.0866141
c_3 = 
  -1.6189 -0.604877 -0.440348 -0.965694 -0.703021 -0.262673
-0.456717 -0.842566 -0.296175   0.99732  0.350572  0.646747
 0.356714 -0.954713  0.569498 -0.259686  0.154906 -0.414591
        0         0         0         0         0         0
        0         0         0         0         0         0
cosine(0, 1) = 
0.422235
     c        c_4      c_3       c_2 
0 1.000000 1.000000 1.000000 1.000000
1 0.408248 0.422235 0.422235 0.781838
2 0.577350 0.630847 0.785422 0.950136
3 0.408248 0.418053 0.418053 0.474432
4 0.577350 0.608732 0.750473 0.740119
5 0.000000 -0.010525 -0.012915 0.110596

</pre>